1.03679, 0.667561, 0.538799, 0.0804895
1.04359, 0.65555, -0.338943, -0.128022
1.02055, 0.663574, -1.21195, -0.336517
0.967409, 0.692972, -2.05857, -0.555858
0.884146, 0.745069, -2.85981, -0.791341
0.773481, 0.815534, -3.60534, -1.03466
0.643944, 0.887334, -4.28648, -1.27096
0.507285, 0.93574, -4.87039, -1.50889
0.372093, 0.942429, -5.30806, -1.77782
0.243453, 0.898403, -5.56779, -2.09594
0.12601, 0.799715, -5.65016, -2.45452
0.0257074, 0.644463, -5.59028, -2.81476
-0.0502413, 0.431264, -5.45301, -3.11193
-0.0959144, 0.160372, -5.31008, -3.27799
-0.116276, -0.152856, -5.18925, -3.29173
-0.136898, -0.460438, -5.08006, -3.171
-0.179613, -0.720866, -4.99019, -2.91318
-0.245599, -0.925688, -4.88913, -2.55214
-0.32799, -1.07781, -4.72091, -2.1477
-0.419531, -1.18098, -4.44361, -1.74734
-0.514346, -1.23897, -4.03992, -1.3759
-0.60808, -1.256, -3.51362, -1.03916
-0.697493, -1.23709, -2.88248, -0.730762
-0.779697, -1.18845, -2.17145, -0.439013
-0.851233, -1.1182, -1.40659, -0.152856
-0.907547, -1.03653, -0.609182, 0.132594
-0.943662, -0.954016, 0.207665, 0.413662
-0.955682, -0.87876, 1.03569, 0.682659
-0.941493, -0.815507, 1.86481, 0.93501
-0.900387, -0.766762, 2.67961, 1.17199
-0.832673, -0.73365, 3.45974, 1.39897
-0.73998, -0.715033, 4.18234, 1.62168
-0.626247, -0.705039, 4.82475, 1.84296
-0.498375, -0.691446, 5.36367, 2.06477
-0.364992, -0.658561, 5.77318, 2.29297
-0.234193, -0.592928, 6.03234, 2.53262
-0.112631, -0.486363, 6.13925, 2.77522
-0.00572485, -0.335784, 6.11736, 2.99228
0.0828839, -0.143026, 6.00814, 3.142
0.153772, 0.0827031, 5.85176, 3.18797
0.214616, 0.320949, 5.66857, 3.11675
0.277048, 0.545242, 5.45961, 2.93616
0.348046, 0.737242, 5.21154, 2.66904
0.427619, 0.890467, 4.90044, 2.34923
0.512151, 1.00514, 4.50477, 2.00899
0.597112, 1.08438, 4.01513, 1.66951
0.678153, 1.13281, 3.4354, 1.33984
0.751351, 1.15594, 2.77874, 1.02056
0.813199, 1.1597, 2.06259, 0.708481
0.860609, 1.1499, 1.30456, 0.40027
0.891037, 1.13161, 0.520426, 0.0941283
0.902668, 1.10855, -0.276096, -0.210203
0.894548, 1.08285, -1.07232, -0.51226
0.866643, 1.05501, -1.85549, -0.81157
0.819872, 1.02383, -2.61184, -1.10798
0.756127, 0.986461, -3.32622, -1.40172
0.678243, 0.938559, -3.98213, -1.69325
0.589823, 0.874778, -4.56294, -1.98252
0.494952, 0.789685, -5.05455, -2.26704
0.397807, 0.678835, -5.44911, -2.53896
0.302132, 0.539923, -5.74801, -2.78292
0.210381, 0.374146, -5.96129, -2.97701
0.122538, 0.18782, -6.10232, -3.09847
0.0354783, -0.00695451, -6.17997, -3.13179
-0.0555842, -0.195008, -6.19305, -3.0745
-0.154044, -0.363448, -6.12932, -2.93857
-0.260133, -0.504987, -5.97004, -2.74617
-0.371291, -0.617881, -5.69907, -2.52073
-0.483254, -0.704682, -5.31052, -2.27928
-0.590915, -0.770982, -4.81066, -2.03021
-0.689003, -0.82396, -4.21459, -1.77563
-0.772757, -0.870622, -3.54141, -1.51499
-0.838505, -0.916299, -2.81061, -1.24713
-0.883894, -0.96402, -2.04038, -0.971016
-0.907818, -1.01467, -1.24679, -0.686244
-0.910258, -1.06733, -0.443537, -0.393597
-0.892195, -1.11938, 0.357541, -0.0951441
-0.855531, -1.16656, 1.1449, 0.20675
-0.802866, -1.20316, 1.90513, 0.511385
-0.737149, -1.22276, 2.62142, 0.821369
-0.661442, -1.21893, 3.27406, 1.14245
-0.578953, -1.18563, 3.84325, 1.48107
-0.493328, -1.11748, 4.31388, 1.83988
-0.408971, -1.00974, 4.68141, 2.2121
-0.331143, -0.858449, 4.95755, 2.57601
-0.265349, -0.66094, 5.17144, 2.89378
-0.214732, -0.418916, 5.35906, 3.12153
-0.173739, -0.148065, 5.54067, 3.23089
-0.125359, 0.11687, 5.71959, 3.20947
-0.0550717, 0.344701, 5.88729, 3.05684
0.0396498, 0.522851, 6.00155, 2.80875
0.154725, 0.648657, 6.00276, 2.52188
0.284536, 0.723124, 5.84554, 2.24291
0.423269, 0.750839, 5.51533, 1.9927
0.563945, 0.742474, 5.03012, 1.76545
0.696961, 0.716529, 4.42536, 1.54415
0.811753, 0.694003, 3.72952, 1.32302
0.901096, 0.688375, 2.96101, 1.10626
0.962068, 0.703604, 2.14042, 0.892411
0.993965, 0.739003, 1.29157, 0.672991
0.996722, 0.793088, 0.436576, 0.438804
0.970662, 0.864396, -0.407401, 0.185266
0.917401, 0.949558, -1.2301, -0.0836511
0.841372, 1.03975, -2.02592, -0.356338
0.749644, 1.12039, -2.78245, -0.62577
0.64896, 1.17674, -3.47224, -0.900274
0.543828, 1.19832, -4.06109, -1.19738
0.437411, 1.17842, -4.51999, -1.53238
0.333146, 1.11235, -4.83305, -1.91031
0.235823, 0.996509, -5.00445, -2.31877
0.152014, 0.827727, -5.06489, -2.72152
0.0897234, 0.602497, -5.07184, -3.05807
0.0556895, 0.31854, -5.0888, -3.26408
0.0441333, -0.00863001, -5.13154, -3.32384
0.0257153, -0.325428, -5.18833, -3.24729
-0.0220885, -0.589349, -5.27475, -3.01463
-0.0989108, -0.793562, -5.34891, -2.66409
-0.197028, -0.940481, -5.33725, -2.26808
-0.30889, -1.03245, -5.18312, -1.88519
-0.428684, -1.07195, -4.86065, -1.54659
-0.552243, -1.06275, -4.37379, -1.2573
-0.675774, -1.01173, -3.75147, -1.00151
-0.793316, -0.932133, -3.03824, -0.752615
-0.895271, -0.844654, -2.27129, -0.49556
-0.972337, -0.76834, -1.46303, -0.240746
-1.02008, -0.711584, -0.617951, -0.0027269
-1.03773, -0.675262, 0.251417, 0.216733
-1.02553, -0.658853, 1.12621, 0.425234
-0.983435, -0.663151, 1.98465, 0.633963
-0.911233, -0.690099, 2.80406, 0.85326
-0.8098, -0.739595, 3.56608, 1.08527
-0.68424, -0.802349, 4.26072, 1.3185
-0.545396, -0.856223, 4.86972, 1.54651
-0.404587, -0.87742, 5.34979, 1.79015
-0.269106, -0.851564, 5.65891, 2.0751
-0.14401, -0.772313, 5.78461, 2.40376
-0.0347479, -0.637135, 5.75072, 2.74744
0.0521128, -0.44495, 5.61369, 3.04917
0.110474, -0.19607, 5.44539, 3.24033
0.141423, 0.0995229, 5.29096, 3.28245
0.164119, 0.403899, 5.14717, 3.18739
0.202579, 0.671574, 5.01634, 2.96034
0.262826, 0.886523, 4.88077, 2.62428
0.339715, 1.0496, 4.69188, 2.23277
0.426265, 1.16447, 4.40743, 1.83418
0.516426, 1.23502, 4.00711, 1.45663
0.60554, 1.26552, 3.49127, 1.10932
0.690105, 1.26085, 2.87441, 0.788884
0.76723, 1.22666, 2.17842, 0.486033
0.833948, 1.16978, 1.42688, 0.191134
0.886712, 1.09834, 0.640475, -0.10143
0.92152, 1.02113, -0.165894, -0.390934
0.934764, 0.945848, -0.982131, -0.672024
0.924023, 0.877885, -1.79858, -0.939525
0.888208, 0.820364, -2.60213, -1.19198
0.827399, 0.774649, -3.37515, -1.43181
0.742975, 0.739963, -4.09653, -1.6632
0.638177, 0.711952, -4.74378, -1.88961
0.518559, 0.681543, -5.29388, -2.11366
0.391395, 0.636343, -5.7236, -2.33885
0.264155, 0.564482, -6.01449, -2.5671
0.143386, 0.457773, -6.16263, -2.79053
0.0343256, 0.312751, -6.18448, -2.98601
-0.0597768, 0.13113, -6.11221, -3.11947
-0.13942, -0.0784551, -5.97912, -3.15991
-0.210439, -0.29867, -5.80462, -3.09366
-0.281501, -0.507879, -5.59117, -2.92651
-0.358226, -0.689959, -5.32779, -2.67913
-0.441002, -0.837985, -4.9958, -2.38093
-0.526932, -0.951352, -4.57911, -2.05978
-0.61196, -1.03275, -4.07186, -1.73446
-0.691932, -1.08662, -3.47934, -1.41364
-0.76297, -1.11833, -2.8146, -1.09884
-0.821619, -1.13351, -2.09413, -0.78835
-0.864969, -1.1373, -1.33447, -0.480115
-0.890814, -1.13383, -0.550737, -0.172945
-0.897782, -1.12572, 0.243479, 0.133493
-0.8854, -1.11399, 1.03531, 0.439139
-0.854115, -1.09799, 1.81173, 0.743948
-0.805294, -1.07547, 2.5588, 1.04818
-0.741197, -1.04266, 3.26122, 1.35255
-0.664859, -0.994692, 3.90273, 1.65795
-0.5799, -0.926204, 4.46788, 1.96407
-0.490283, -0.832232, 4.94532, 2.26675
-0.399988, -0.709117, 5.3315, 2.55485
-0.312387, -0.555646, 5.63259, 2.80882
-0.229083, -0.374779, 5.86191, 3.00354
-0.148397, -0.17576, 6.03254, 3.11592
-0.0651916, 0.0258882, 6.1494, 3.13307
0.026255, 0.213328, 6.20488, 3.05727
0.128694, 0.374567, 6.17884, 2.90664
0.241082, 0.504308, 6.04611, 2.70827
0.359713, 0.602853, 5.78833, 2.48675
0.479338, 0.6749, 5.40156, 2.25674
0.593877, 0.728408, 4.89604, 2.02294
0.697169, 0.772707, 4.29045, 1.78471
0.78393, 0.815988, 3.60618, 1.54008
0.850453, 0.86355, 2.86438, 1.2869
0.894683, 0.917619, 2.08472, 1.02298
0.91593, 0.978067, 1.28422, 0.747117
0.914644, 1.04294, 0.476643, 0.460276
0.892357, 1.10849, -0.326931, 0.165706
0.85158, 1.16916, -1.11582, -0.132801
0.795413, 1.21811, -1.87671, -0.433894
0.727019, 1.24824, -2.59202, -0.740695
0.649375, 1.25294, -3.24079, -1.06023
0.565466, 1.22631, -3.80205, -1.40047
0.478726, 1.16313, -4.25967, -1.76559
0.393489, 1.0588, -4.60861, -2.14999
0.315221, 0.90926, -4.86122, -2.53215
0.250144, 0.711082, -5.04972, -2.87209
0.203058, 0.463644, -5.21649, -3.12072
0.170402, 0.179254, -5.38601, -3.24671
0.133512, -0.105053, -5.56009, -3.2398
0.0734994, -0.35139, -5.73827, -3.09116
-0.0136407, -0.545105, -5.88335, -2.8306
-0.123454, -0.683733, -5.92958, -2.51986
-0.249893, -0.767864, -5.82126, -2.21463
-0.387331, -0.800401, -5.53328, -1.94459
-0.529904, -0.788989, -5.07667, -1.70879
-0.669206, -0.749735, -4.48977, -1.48553
-0.793799, -0.706084, -3.80968, -1.26006
-0.89401, -0.677259, -3.05464, -1.03816
-0.965489, -0.670587, -2.24003, -0.825297
-1.00732, -0.685925, -1.38786, -0.615685
-1.01948, -0.721525, -0.521747, -0.398498
-1.00198, -0.776418, 0.337552, -0.164455
-0.955101, -0.849826, 1.1746, 0.0894381
-0.881066, -0.937601, 1.98164, 0.355386
-0.785994, -1.02757, 2.75354, 0.619085
-0.678576, -1.10154, 3.47058, 0.878922
-0.565811, -1.14395, 4.09565, 1.15243
-0.451898, -1.14525, 4.59153, 1.4609
-0.340133, -1.09981, 4.93436, 1.81594
-0.234706, -1.00389, 5.12083, 2.21189
-0.141548, -0.854601, 5.17442, 2.61937
-0.0683435, -0.64901, 5.14812, 2.98246
-0.023042, -0.383956, 5.11224, 3.23055
-0.00640089, -0.0653343, 5.10698, 3.32518
0.00418964, 0.264409, 5.11574, 3.28445
0.0388045, 0.550516, 5.15216, 3.09344
0.103465, 0.776941, 5.20037, 2.76555
0.191348, 0.945658, 5.19245, 2.36783
0.294367, 1.05971, 5.06559, 1.96477
0.405931, 1.12177, 4.78497, 1.59588
0.521301, 1.13515, 4.34481, 1.27472
0.636997, 1.10472, 3.76292, 0.994601
0.749217, 1.03873, 3.07418, 0.735508
0.851617, 0.951469, 2.31903, 0.47585
0.935254, 0.861949, 1.52384, 0.210814
0.992762, 0.785019, 0.695872, -0.0461943
1.02102, 0.726546, -0.159039, -0.284218
1.01951, 0.687477, -1.02719, -0.503889
0.988282, 0.66836, -1.88896, -0.713493
0.927273, 0.6708, -2.72136, -0.924139
0.836813, 0.696087, -3.50139, -1.14412
0.719688, 0.740278, -4.21217, -1.3711
0.583949, 0.787749, -4.83971, -1.59557
0.441299, 0.814467, -5.35302, -1.82481
0.301356, 0.801037, -5.70897, -2.083
0.170424, 0.737435, -5.88396, -2.3814
0.0539398, 0.61959, -5.88984, -2.70169
-0.0420763, 0.446192, -5.77286, -2.99606
-0.111847, 0.217834, -5.59997, -3.20007
-0.154614, -0.0578708, -5.42512, -3.26592
-0.18398, -0.351514, -5.25788, -3.19289
-0.222541, -0.619496, -5.09666, -2.99151
-0.280046, -0.839605, -4.92976, -2.68053
-0.353618, -1.00952, -4.71697, -2.30644
-0.436967, -1.13224, -4.41824, -1.91624
-0.524118, -1.21163, -4.01214, -1.53969
-0.610255, -1.25203, -3.49694, -1.18842
-0.691638, -1.25835, -2.88499, -0.861346
-0.765201, -1.23614, -2.19617, -0.551092
-0.828034, -1.19176, -1.45231, -0.249393
-0.87701, -1.13229, -0.673043, 0.049024
-0.908823, -1.0651, 0.126428, 0.344578
-0.920478, -0.996729, 0.934803, 0.633827
-0.909852, -0.932008, 1.74176, 0.912607
-0.875925, -0.873859, 2.53492, 1.17878
-0.818799, -0.823424, 3.29841, 1.43294
-0.739834, -0.779771, 4.0132, 1.67739
-0.641985, -0.739047, 4.65822, 1.91467
-0.530006, -0.693966, 5.21156, 2.14707
-0.410019, -0.634854, 5.65219, 2.37654
-0.28851, -0.552227, 5.96443, 2.60217
-0.171392, -0.439266, 6.14494, 2.81474
-0.0633707, -0.293215, 6.2065, 2.99346
0.0329256, -0.116369, 6.17409, 3.10995
0.118309, 0.0825191, 6.07337, 3.13924
0.197613, 0.287963, 5.91947, 3.07057
0.277217, 0.482176, 5.71359, 2.90993
0.360973, 0.652017, 5.44565, 2.67675
0.448807, 0.791513, 5.10068, 2.39701
0.538008, 0.900093, 4.66753, 2.09442
0.624763, 0.980393, 4.14434, 1.78477
0.705048, 1.03685, 3.53867, 1.47547
0.775051, 1.07475, 2.86427, 1.16824
0.831422, 1.09934, 2.13731, 0.862327
0.871476, 1.11512, 1.37371, 0.556672
0.893347, 1.12529, 0.588091, 0.250676
0.896071, 1.13146, -0.206145, -0.0558036
0.879604, 1.13363, -0.996141, -0.362722
0.844814, 1.13013, -1.76875, -0.670189
0.793451, 1.11773, -2.50969, -0.978876
0.728064, 1.09187, -3.20316, -1.29029
0.651848, 1.04718, -3.83254, -1.60623
0.568485, 0.978155, -4.38277, -1.92683
0.482002, 0.879878, -4.84429, -2.24715
0.396506, 0.748798, -5.21702, -2.55358
0.315498, 0.583871, -5.51183, -2.82271
0.240317, 0.388761, -5.74629, -3.0256
0.167981, 0.174985, -5.93512, -3.13731
0.0911382, -0.0382031, -6.08217, -3.14516
0.00255681, -0.231337, -6.17624, -3.05364
-0.100492, -0.392169, -6.19038, -2.88612
-0.216264, -0.51617, -6.09186, -2.67567
-0.340372, -0.604555, -5.85763, -2.45021
-0.466908, -0.663317, -5.48329, -2.22396
-0.588906, -0.702532, -4.9816, -1.99886
-0.699104, -0.734159, -4.37401, -1.77198
-0.791327, -0.768423, -3.6835, -1.54055
-0.861487, -0.811378, -2.93262, -1.30168
-0.907514, -0.865103, -2.14288, -1.05162
-0.92882, -0.929071, -1.33309, -0.787432
-0.925993, -1.00094, -0.517975, -0.509177
-0.900846, -1.07641, 0.291702, -0.220686
-0.856429, -1.14887, 1.08634, 0.0725744
-0.796499, -1.21017, 1.85324, 0.36788
-0.724682, -1.25213, 2.57421, 0.668285
-0.644076, -1.26756, 3.22687, 0.981868
-0.557528, -1.25045, 3.78851, 1.31823
-0.468242, -1.19563, 4.24117, 1.68355
-0.380371, -1.09856, 4.57798, 2.07441
-0.299379, -0.955213, 4.80999, 2.47107
-0.231917, -0.761807, 4.97036, 2.83339
-0.184285, -0.515797, 5.10731, 3.10752
-0.156199, -0.224294, 5.25372, 3.25526
-0.130001, 0.0777398, 5.40898, 3.27033
-0.0817728, 0.344642, 5.57851, 3.1385
-0.00431709, 0.557218, 5.73774, 2.87648
0.0980026, 0.712931, 5.81955, 2.5467
0.218581, 0.812406, 5.75912, 2.21295
0.351563, 0.85748, 5.51986, 1.91495
0.491852, 0.852938, 5.1013, 1.66125
0.633072, 0.810212, 4.5368, 1.43256
0.764965, 0.750685, 3.8727, 1.20317
0.875774, 0.698633, 3.13541, 0.971185
0.95847, 0.66755, 2.33532, 0.749179
1.01118, 0.659585, 1.48876, 0.538784
1.03397, 0.672925, 0.618215, 0.331009
1.02693, 0.706231, -0.253861, 0.114447
0.9899, 0.759592, -1.10773, -0.11971
0.923219, 0.832758, -1.92905, -0.372602
0.83005, 0.919952, -2.71195, -0.63261
0.718433, 1.00495, -3.44884, -0.885515
0.59821, 1.06683, -4.10983, -1.1387
0.476176, 1.09043, -4.6506, -1.41734
0.356332, 1.06753, -5.03644, -1.74163
0.242456, 0.993665, -5.25439, -2.11423
0.139731, 0.865967, -5.319, -2.51395
0.0551865, 0.682074, -5.27582, -2.89199
-0.00307252, 0.439213, -5.19517, -3.17782
-0.0303167, 0.138199, -5.13777, -3.31332
-0.0397877, -0.193472, -5.10136, -3.30465
-0.0636386, -0.497538, -5.08363, -3.15638
-0.116551, -0.744424, -5.09057, -2.86225
-0.194248, -0.933278, -5.06842, -2.47592
-0.288571, -1.06767, -4.95209, -2.06432
-0.392309, -1.1507, -4.69964, -1.6738
-0.500047, -1.18566, -4.29739, -1.32515
-0.607962, -1.17675, -3.7549, -1.01873
-0.712918, -1.12992, -3.098, -0.741465
-0.810871, -1.05455, -2.36148, -0.474511
-0.895414, -0.964896, -1.57749, -0.204586
-0.958884, -0.876982, -0.763104, 0.0653134
-0.995782, -0.801803, 0.0759329, 0.322601
-1.00388, -0.74377, 0.931397, 0.560419
-0.982686, -0.704354, 1.78788, 0.781483
-0.93219, -0.684919, 2.62439, 0.994469
-0.85269, -0.686834, 3.4171, 1.20915
-0.745971, -0.70856, 4.14413, 1.42976
-0.617632, -0.740174, 4.78825, 1.65184
-0.477729, -0.761759, 5.32605, 1.87535
-0.336811, -0.75229, 5.72088, 2.11637
-0.20265, -0.698199, 5.9442, 2.38892
-0.0811925, -0.593156, 5.99746, 2.6832
0.0218289, -0.435036, 5.91607, 2.96079
0.101149, -0.224574, 5.75879, 3.16435
0.155473, 0.0313256, 5.58055, 3.24424
0.194627, 0.308909, 5.40164, 3.18842
0.237775, 0.569773, 5.22125, 3.00705
0.296147, 0.788969, 5.02877, 2.71902
0.369056, 0.960853, 4.79114, 2.36494
0.451236, 1.0872, 4.47255, 1.9886
0.537049, 1.17163, 4.05261, 1.61952
0.621676, 1.21855, 3.52908, 1.2705
0.701201, 1.233, 2.91326, 0.942026
0.772321, 1.22071, 2.2238, 0.628325
0.831978, 1.18794, 1.48122, 0.322532
0.877143, 1.14132, 0.704087, 0.0202243
0.904928, 1.0872, -0.0926568, -0.279248
0.912935, 1.03087, -0.89704, -0.573728
0.899605, 0.976006, -1.69783, -0.860472
0.864362, 0.924593, -2.48239, -1.13788
0.807681, 0.876877, -3.23562, -1.40595
0.731228, 0.831103, -3.93994, -1.6657
0.638042, 0.783095, -4.57593, -1.91853
0.532511, 0.726327, -5.12348, -2.16569
0.419933, 0.653067, -5.56432, -2.40725
0.3058, 0.556242, -5.88652, -2.63901
0.195091, 0.4312, -6.08948, -2.84878
0.0915518, 0.277027, -6.18535, -3.01558
-0.00331601, 0.0977923, -6.194, -3.11472
-0.0912537, -0.0964292, -6.13344, -3.12727
-0.176815, -0.290775, -6.01192, -3.0476
-0.264611, -0.470484, -5.82614, -2.88481
-0.356552, -0.625742, -5.56448, -2.65897
-0.451462, -0.752647, -5.21408, -2.39381
-0.54621, -0.851728, -4.76822, -2.10903
-0.63683, -0.926329, -4.22963, -1.81672
-0.719206, -0.981374, -3.60916, -1.52204
-0.789498, -1.0223, -2.92222, -1.22606
-0.844466, -1.05409, -2.18543, -0.928372
-0.881697, -1.0805, -1.41456, -0.628517
-0.899724, -1.10375, -0.623995, -0.326383
-0.898031, -1.12439, 0.173078, -0.0222035
-0.877036, -1.14132, 0.96399, 0.283637
-0.838058, -1.1518, 1.7356, 0.591066
-0.783239, -1.15157, 2.47322, 0.901061
-0.715388, -1.13527, 3.16021, 1.2161
-0.637819, -1.09704, 3.77894, 1.53937
-0.554267, -1.03115, 4.31393, 1.87217
-0.468876, -0.932552, 4.75642, 2.2097
-0.386077, -0.797437, 5.10902, 2.53674
-0.309935, -0.62419, 5.38733, 2.82623
-0.242292, -0.415925, 5.61442, 3.04459
-0.179553, -0.185233, 5.80849, 3.16381
-0.111897, 0.0445845, 5.97461, 3.16961
-0.0296703, 0.250033, 6.10157, 3.06544
0.0704736, 0.417551, 6.15755, 2.87817
0.186436, 0.542567, 6.10104, 2.6481
0.31349, 0.626175, 5.90117, 2.40935
0.445538, 0.674369, 5.54992, 2.17834
0.575145, 0.698333, 5.06119, 1.95495
0.69392, 0.712802, 4.45943, 1.73329
0.79432, 0.731233, 3.76885, 1.51014
0.871375, 0.761649, 3.01218, 1.28325
0.922687, 0.806715, 2.21231, 1.04796
0.947498, 0.86603, 1.3905, 0.798807
0.946142, 0.937589, 0.563795, 0.533202
0.920181, 1.01755, -0.256039, 0.253804
0.872807, 1.09915, -1.06051, -0.0325077
0.808538, 1.17287, -1.83875, -0.320249
0.731968, 1.2286, -2.57276, -0.611093
0.646784, 1.25776, -3.23834, -0.913872
0.555932, 1.25367, -3.81017, -1.24015
0.462422, 1.21095, -4.26739, -1.59869
0.370118, 1.12508, -4.60002, -1.98914
0.284277, 0.992106, -4.81614, -2.39496
0.211638, 0.808278, -4.94748, -2.7779
0.159511, 0.570032, -5.04615, -3.08114
0.131133, 0.279302, -5.15716, -3.25596
0.113078, -0.0361349, -5.28185, -3.29637
0.0774121, -0.324431, -5.42345, -3.19197
0.011435, -0.558192, -5.57574, -2.94143
-0.0815142, -0.733847, -5.67722, -2.60121
-0.194314, -0.85244, -5.65645, -2.24108
-0.320524, -0.915497, -5.46625, -1.91036
-0.455108, -0.926057, -5.09356, -1.6285
-0.593282, -0.89118, -4.55983, -1.38564
-0.727619, -0.826283, -3.91149, -1.153
-0.846678, -0.755612, -3.18956, -0.912853
-0.940267, -0.699924, -2.408, -0.675657
-1.00413, -0.666817, -1.57529, -0.453361
-1.03779, -0.655798, -0.709016, -0.243518
-1.04158, -0.66512, 0.16909, -0.0359193
-1.01547, -0.69452, 1.03749, 0.180721
-0.959156, -0.745119, 1.87664, 0.414602
-0.873355, -0.816409, 2.67302, 0.664417
-0.762804, -0.899495, 3.42154, 0.91526
-0.637537, -0.973765, 4.10795, 1.15768
-0.507757, -1.01728, 4.69128, 1.41009
-0.379692, -1.01656, 5.12589, 1.70053
-0.257406, -0.965028, 5.38664, 2.04181
-0.145477, -0.859366, 5.47763, 2.42204
-0.0501492, -0.697494, 5.43529, 2.80086
0.0208955, -0.477367, 5.32525, 3.11228
0.0612226, -0.198199, 5.21894, 3.28764
0.0762682, 0.124343, 5.13875, 3.30985
0.09406, 0.438576, 5.0715, 3.1974
0.137053, 0.70219, 5.02951, 2.94061
0.205412, 0.908207, 4.97839, 2.57523
0.291636, 1.05994, 4.85588, 2.16594
0.388188, 1.16096, 4.61549, 1.76376
0.489103, 1.21472, 4.23743, 1.39534
0.590067, 1.22526, 3.72509, 1.06652
0.687885, 1.19765, 3.0979, 0.769444
0.779445, 1.13884, 2.38436, 0.489583
0.860422, 1.05888, 1.6147, 0.213091
0.924803, 0.970879, 0.811714, -0.0646721
0.966554, 0.8873, -0.0135368, -0.336608
0.981801, 0.815996, -0.854342, -0.593137
0.968962, 0.760538, -1.69958, -0.83126
0.927666, 0.722768, -2.53173, -1.0553
0.858186, 0.70396, -3.32856, -1.27335
0.761936, 0.703426, -4.06661, -1.49214
0.643022, 0.714763, -4.7248, -1.71252
0.509397, 0.723068, -5.28117, -1.93406
0.370983, 0.709187, -5.70596, -2.16548
0.236374, 0.65784, -5.97162, -2.41811
0.112203, 0.560523, -6.07282, -2.68706
0.0041751, 0.413934, -6.03488, -2.94233
-0.082949, 0.218704, -5.90676, -3.13505
-0.14794, -0.0183811, -5.73917, -3.21859
-0.198206, -0.277219, -5.55806, -3.17434
-0.249034, -0.525413, -5.36587, -3.00891
-0.311179, -0.738489, -5.15211, -2.74182
-0.385534, -0.908302, -4.88933, -2.40917
-0.467994, -1.03516, -4.54724, -2.05041
-0.553447, -1.12222, -4.10821, -1.69333
-0.637194, -1.17388, -3.57081, -1.35082
-0.71521, -1.19538, -2.94605, -1.02445
-0.783978, -1.1926, -2.25163, -0.709971
-0.840287, -1.17181, -1.50686, -0.402054
-0.881184, -1.13914, -0.729232, -0.0973227
-0.90415, -1.09998, 0.0666691, 0.204855
-0.907364, -1.05832, 0.868374, 0.503325
-0.889882, -1.01655, 1.66383, 0.79662
-0.851716, -0.975371, 2.43995, 1.08389
-0.793894, -0.933761, 3.18193, 1.36507
-0.71855, -0.888832, 3.87305, 1.64059
-0.628942, -0.835821, 4.49526, 1.9111
-0.529254, -0.768655, 5.03062, 2.17664
-0.424169, -0.681122, 5.46447, 2.43466
-0.318331, -0.56829, 5.78965, 2.67692
-0.215722, -0.427829, 6.00955, 2.88736
-0.118808, -0.261334, 6.13688, 3.04378
-0.0274709, -0.0756445, 6.18722, 3.1245
0.0613771, 0.11699, 6.17087, 3.11658
0.152192, 0.301934, 6.08793, 3.02071
0.24794, 0.467216, 5.92855, 2.85084
0.348614, 0.606344, 5.67817, 2.62892
0.451716, 0.717957, 5.32546, 2.37676
0.553339, 0.804422, 4.8682, 2.10989
0.649012, 0.870507, 4.31412, 1.83624
0.734289, 0.922111, 3.67782, 1.55833
0.805225, 0.964978, 2.97679, 1.27619
0.858752, 1.00364, 2.22849, 0.989308
0.892857, 1.04091, 1.44896, 0.697407
0.90658, 1.07781, 0.652551, 0.400668
0.899951, 1.11365, -0.147877, 0.0998757
0.873936, 1.14611, -0.940088, -0.203835
0.830371, 1.17121, -1.71112, -0.509868
0.771788, 1.18368, -2.44585, -0.819432
0.701183, 1.17745, -3.12651, -1.13613
0.621871, 1.14636, -3.73425, -1.46481
0.537528, 1.08463, -4.25282, -1.80821
0.452351, 0.987187, -4.67381, -2.1621
0.371099, 0.849961, -5.002, -2.5102
0.298574, 0.670543, -5.25757, -2.82205
0.237664, 0.450646, -5.46981, -3.05901
0.184966, 0.202544, -5.66089, -3.18986
0.128193, -0.0465707, -5.83731, -3.19891
0.0544728, -0.268042, -5.99079, -3.08587
-0.0405317, -0.446555, -6.08742, -2.87845
-0.154383, -0.577429, -6.07694, -2.62428
-0.282076, -0.661239, -5.91865, -2.36567
-0.417658, -0.702934, -5.59796, -2.12388
-0.553873, -0.713238, -5.12823, -1.89789
-0.681636, -0.708768, -4.538, -1.6772
-0.791749, -0.706991, -3.85368, -1.45703
-0.877848, -0.719199, -3.09675, -1.23756
-0.936967, -0.749278, -2.28971, -1.01522
-0.968154, -0.797053, -1.45579, -0.782653
-0.971387, -0.860995, -0.61521, -0.53353
-0.947521, -0.938552, 0.217429, -0.266887
-0.899064, -1.02443, 1.03335, 0.0110783
-0.830769, -1.10889, 1.82481, 0.29122
-0.748532, -1.17946, 2.57624, 0.571207
-0.657352, -1.22487, 3.26208, 0.859549
-0.560748, -1.23687, 3.85323, 1.17021
-0.461672, -1.20949, 4.32472, 1.51525
-0.363648, -1.13807, 4.66236, 1.89812
-0.271552, -1.01875, 4.86992, 2.30654
-0.191925, -0.848012, 4.9757, 2.70593
-0.132524, -0.622118, 5.03277, 3.03914
-0.0993347, -0.339437, 5.09824, 3.24666
-0.0852322, -0.0175739, 5.18484, 3.31356
-0.0616747, 0.290986, 5.28579, 3.24216
-0.00844129, 0.547168, 5.41154, 3.01565
0.0737269, 0.744246, 5.51494, 2.67625
0.177473, 0.88379, 5.52164, 2.29633
0.295629, 0.967587, 5.37534, 1.93364
0.422663, 0.997977, 5.05168, 1.61776
0.554332, 0.979409, 4.55884, 1.34999
0.685742, 0.921369, 3.93316, 1.1086
0.808399, 0.842306, 3.22299, 0.865486
0.911021, 0.765952, 2.45736, 0.6157
0.985802, 0.707832, 1.64282, 0.375347
1.03042, 0.671639, 0.788747, 0.152683
1.04496, 0.656235, -0.0869718, -0.0571965
1.02967, 0.660789, -0.963292, -0.264827
0.984359, 0.686241, -1.81857, -0.481409
0.90881, 0.734215, -2.6329, -0.714105
0.804772, 0.802412, -3.39388, -0.958026
0.679312, 0.877025, -4.09483, -1.19731
0.54401, 0.933892, -4.71004, -1.4331
0.408438, 0.952488, -5.19119, -1.69273
0.27818, 0.922003, -5.50007, -1.99941
0.157707, 0.837635, -5.62853, -2.35185
0.0525652, 0.697137, -5.60269, -2.71911
-0.0302266, 0.499023, -5.4807, -3.04217
-0.083812, 0.242476, -5.33657, -3.24968
-0.108706, -0.0637404, -5.21441, -3.30336
-0.125844, -0.379199, -5.10515, -3.21962
-0.161708, -0.654673, -5.01493, -2.99794
-0.222124, -0.874553, -4.92687, -2.65857
-0.301142, -1.04056, -4.78623, -2.25968
-0.391276, -1.15646, -4.54477, -1.85442
-0.48621, -1.22594, -4.17828, -1.47396
-0.581201, -1.25307, -3.68541, -1.12858
-0.672776, -1.24259, -3.08097, -0.814427
-0.758037, -1.20038, -2.38883, -0.520427
-0.833716, -1.13408, -1.63566, -0.234531
-0.895443, -1.05364, -0.844837, 0.0503817
-0.938097, -0.970006, -0.0315959, 0.332612
-0.957311, -0.892263, 0.795336, 0.604541
-0.950519, -0.82594, 1.62691, 0.860246
-0.916722, -0.773944, 2.44909, 1.09967
-0.855969, -0.737769, 3.2425, 1.32769
-0.76944, -0.717118, 3.98449, 1.55051
-0.66035, -0.70764, 4.65226, 1.77181
-0.534905, -0.698573, 5.22313, 1.99301
-0.40162, -0.674284, 5.67146, 2.21896
-0.268985, -0.619994, 5.97303, 2.45661
-0.144057, -0.525947, 6.11927, 2.70261
-0.0326059, -0.387724, 6.12703, 2.93372
0.0610077, -0.205646, 6.03505, 3.10974
0.135735, 0.0136822, 5.8871, 3.18964
0.197227, 0.252979, 5.71035, 3.15248
0.257159, 0.485572, 5.51041, 3.00113
0.32475, 0.689316, 5.27794, 2.75431
0.401762, 0.854713, 4.99057, 2.44406
0.485181, 0.980667, 4.624, 2.10499
0.57051, 1.06974, 4.16438, 1.7623
0.653268, 1.1262, 3.61176, 1.42844
0.7294, 1.15534, 2.97709, 1.10589
0.795283, 1.16306, 2.27714, 0.791978
0.847688, 1.15531, 1.52994, 0.482976
0.883862, 1.13752, 0.751964, 0.176479
0.901712, 1.11399, -0.0424898, -0.128157
0.899965, 1.08745, -0.840585, -0.430532
0.878259, 1.059, -1.62972, -0.73006
0.837172, 1.02806, -2.39654, -1.02643
0.778264, 0.992402, -3.1263, -1.31974
0.704068, 0.948145, -3.8028, -1.6104
0.617981, 0.890178, -4.40914, -1.89868
0.524, 0.812933, -4.92983, -2.18323
0.426356, 0.711446, -5.35436, -2.45843
0.329047, 0.5825, -5.6807, -2.71166
0.235114, 0.425893, -5.9163, -2.92294
0.14555, 0.245983, -6.07434, -3.06904
0.0583204, 0.0529045, -6.16617, -3.1312
-0.0310359, -0.138785, -6.19466, -3.10219
-0.126665, -0.31493, -6.15146, -2.98921
-0.229929, -0.466217, -6.01966, -2.81167
-0.339137, -0.589106, -5.78163, -2.59343
-0.450542, -0.684764, -5.42779, -2.35415
-0.559313, -0.75778, -4.96049, -2.10512
-0.66024, -0.814826, -4.39229, -1.85029
-0.748397, -0.863015, -3.74124, -1.58978
-0.81975, -0.90828, -3.02679, -1.32262
-0.871519, -0.954429, -2.26749, -1.04778
-0.902193, -1.00307, -1.48001, -0.764643
-0.911387, -1.05392, -0.678726, -0.473589
-0.899729, -1.10501, 0.124012, -0.176247
-0.868798, -1.15267, 0.916705, 0.125071
-0.820967, -1.19171, 1.68668, 0.429034
-0.759091, -1.2159, 2.41825, 0.737147
-0.68621, -1.21879, 3.09249, 1.05426
-0.605491, -1.19419, 3.68933, 1.38683
-0.520437, -1.13647, 4.19175, 1.73905
-0.435207, -1.04069, 4.59145, 2.10747
-0.354808, -0.902654, 4.89477, 2.47524
-0.284749, -0.71923, 5.12577, 2.80914
-0.229218, -0.490357, 5.31989, 3.06555
-0.185876, -0.226532, 5.50353, 3.21007
-0.140514, 0.0422072, 5.68318, 3.22731
-0.0764413, 0.281246, 5.85551, 3.11145
0.0120425, 0.473163, 5.98838, 2.88733
0.122126, 0.613371, 6.02426, 2.60857
0.248416, 0.702017, 5.9121, 2.32633
0.385164, 0.742585, 5.62842, 2.069
0.525833, 0.74388, 5.18289, 1.83745
0.661553, 0.72236, 4.60811, 1.61589
0.781706, 0.699088, 3.93567, 1.39462
0.877976, 0.689965, 3.18565, 1.17648
0.946461, 0.701072, 2.3777, 0.962031
0.986046, 0.732517, 1.53528, 0.744069
0.996561, 0.782853, 0.681274, 0.513197
0.978212, 0.850626, -0.165846, 0.263485
0.932209, 0.933124, -0.99414, -0.0032859
0.862216, 1.02306, -1.7975, -0.276811
0.774777, 1.10704, -2.5663, -0.547761
0.676862, 1.17009, -3.2768, -0.820598
0.57343, 1.20077, -3.89574, -1.11133
0.467792, 1.19168, -4.39231, -1.43637
0.363177, 1.13773, -4.74671, -1.80397
0.263956, 1.03509, -4.95708, -2.20704
0.176228, 0.880498, -5.04643, -2.61627
0.10771, 0.670566, -5.06551, -2.97714
0.0660189, 0.402046, -5.07987, -3.22264
0.0504217, 0.0828148, -5.12226, -3.31986
0.0367445, -0.242085, -5.17768, -3.2825
-0.00304198, -0.521113, -5.26139, -3.09129
-0.0732698, -0.740492, -5.34925, -2.76609
-0.167005, -0.901843, -5.36955, -2.37663
-0.276415, -1.00757, -5.25866, -1.98757
-0.395213, -1.05998, -4.98228, -1.63756
-0.518877, -1.06239, -4.53705, -1.33793
-0.643671, -1.0207, -3.94637, -1.07732
-0.764317, -0.946497, -3.25288, -0.829897
-0.871809, -0.859382, -2.49837, -0.575349
-0.95613, -0.780117, -1.70058, -0.319154
-1.01164, -0.719626, -0.863653, -0.0773955
-1.03706, -0.679784, 0.00173019, 0.145281
-1.03256, -0.659934, 0.877616, 0.355097
-0.998209, -0.660432, 1.74271, 0.562844
-0.933765, -0.683086, 2.5744, 0.77952
-0.839599, -0.728808, 3.35283, 1.00993
-0.719462, -0.79125, 4.06678, 1.2451
-0.583059, -0.850869, 4.70289, 1.47405
-0.442234, -0.882801, 5.22285, 1.71156
-0.305206, -0.870212, 5.58057, 1.98573
-0.177217, -0.805285, 5.75469, 2.30636
-0.063445, -0.68484, 5.75958, 2.65291
0.0297691, -0.507531, 5.64405, 2.97495
0.0957768, -0.272947, 5.47911, 3.20371
0.132511, 0.0134111, 5.32235, 3.28736
0.154019, 0.321801, 5.17914, 3.22881
0.18644, 0.603157, 5.04791, 3.03758
0.240998, 0.833142, 4.92194, 2.72596
0.314203, 1.01024, 4.75675, 2.34317
0.399056, 1.13793, 4.50515, 1.94201
0.489129, 1.22004, 4.14019, 1.55667
0.579378, 1.26068, 3.65699, 1.20106
0.666035, 1.26454, 3.06692, 0.874485
0.746113, 1.23705, 2.3906, 0.568555
0.816721, 1.1847, 1.65188, 0.273051
0.874445, 1.11543, 0.872851, -0.0192491
0.915258, 1.03814, 0.0701967, -0.309365
0.935261, 0.961183, -0.745106, -0.592616
0.931622, 0.890687, -1.56385, -0.863163
0.902899, 0.830349, -2.37408, -1.11842
0.848852, 0.782015, -3.15922, -1.36009
0.770453, 0.745637, -3.89873, -1.59235
0.670363, 0.718015, -4.57024, -1.81911
0.553554, 0.691248, -5.15085, -2.04303
0.427069, 0.653257, -5.617, -2.26739
0.298585, 0.591335, -5.94763, -2.49559
0.175026, 0.495918, -6.13351, -2.72365
0.0620779, 0.362108, -6.1855, -2.9327
-0.0362497, 0.189986, -6.13314, -3.09012
-0.11909, -0.0141087, -6.01208, -3.16154
-0.19081, -0.235164, -5.84718, -3.12704
-0.260095, -0.451389, -5.64558, -2.98721
-0.334175, -0.643847, -5.39972, -2.75897
-0.414915, -0.80298, -5.0918, -2.47049
-0.500073, -0.926753, -4.70333, -2.15162
-0.585729, -1.01715, -4.22462, -1.82456
-0.66767, -1.07821, -3.65764, -1.50087
-0.741906, -1.11513, -3.01357, -1.18372
-0.804837, -1.13355, -2.30836, -0.871873
-0.853357, -1.13892, -1.5589, -0.563035
-0.885002, -1.13579, -0.78084, -0.255639
-0.898103, -1.12736, 0.0118011, 0.0508782
-0.89187, -1.11525, 0.806035, 0.356504
-0.866433, -1.09942, 1.58899, 0.661126
-0.822845, -1.07817, 2.34708, 0.964849
-0.763073, -1.04826, 3.06545, 1.2682
-0.68992, -1.00513, 3.72802, 1.57202
-0.606851, -0.943509, 4.31876, 1.87658
-0.51776, -0.858194, 4.82447, 2.17927
-0.426673, -0.744987, 5.2386, 2.47158
-0.337251, -0.601737, 5.564, 2.73678
-0.251828, -0.429825, 5.81204, 2.95116
-0.16996, -0.236222, 5.99669, 3.09024
-0.0875834, -0.0345228, 6.12613, 3.13732
0.00113257, 0.158347, 6.1972, 3.08952
0.100061, 0.328541, 6.19379, 2.96007
0.209307, 0.468694, 6.09177, 2.77396
0.325916, 0.577428, 5.87007, 2.55731
0.445101, 0.65806, 5.52012, 2.32817
0.561058, 0.717504, 5.0481, 2.09414
0.667656, 0.764689, 4.47053, 1.8559
0.759335, 0.808212, 3.8082, 1.61181
0.83191, 0.854268, 3.08232, 1.35985
0.882846, 0.905984, 2.31295, 1.09792
0.911048, 0.963935, 1.51785, 0.824512
0.916603, 1.02677, 0.711685, 0.539915
0.900681, 1.09138, -0.0937731, 0.246706
0.865468, 1.15284, -0.887939, -0.0513522
0.813888, 1.20473, -1.65852, -0.352
0.749094, 1.24, -2.38925, -0.656962
0.674114, 1.2519, -3.06005, -0.972223
0.591911, 1.23431, -3.64963, -1.30574
0.505759, 1.1818, -4.13997, -1.66323
0.419705, 1.08957, -4.52216, -2.0425
0.338875, 0.953421, -4.8029, -2.42715
0.269331, 0.769704, -5.00864, -2.78251
0.216605, 0.536586, -5.18045, -3.06045
0.180415, 0.261232, -5.35044, -3.22208
0.146162, -0.0260691, -5.52399, -3.254
0.0928895, -0.284126, -5.70277, -3.1452
0.0125656, -0.492125, -5.86209, -2.91225
-0.0918584, -0.645509, -5.94044, -2.61168
-0.21449, -0.74427, -5.87704, -2.30314
-0.349568, -0.790581, -5.63775, -2.02404
-0.491417, -0.79058, -5.22408, -1.78142
-0.632455, -0.757963, -4.66885, -1.55733
-0.761782, -0.714928, -4.01201, -1.33292
-0.868795, -0.682806, -3.27608, -1.10969
-0.947833, -0.671809, -2.47578, -0.894866
-0.997359, -0.683071, -1.63188, -0.685032
-1.01726, -0.714933, -0.768186, -0.469938
-1.00752, -0.766157, 0.0936382, -0.239622
-0.96833, -0.836024, 0.936779, 0.0106556
-0.901286, -0.921503, 1.75175, 0.275717
-0.811533, -1.01248, 2.53399, 0.541603
-0.707417, -1.0917, 3.26848, 0.80228
-0.596475, -1.14261, 3.92141, 1.07146
-0.483371, -1.15451, 4.4545, 1.37065
-0.371396, -1.1211, 4.84003, 1.71448
-0.264391, -1.03824, 5.06882, 2.10236
-0.167807, -0.902891, 5.15669, 2.51172
-0.0889291, -0.712176, 5.14888, 2.89354
-0.0359621, -0.462746, 5.11362, 3.17857
-0.012938, -0.15594, 5.10513, 3.31373
-0.00416654, 0.177021, 5.11521, 3.30891
0.0228036, 0.477438, 5.14707, 3.1601
0.0803726, 0.719277, 5.20206, 2.86326
0.163394, 0.902495, 5.21954, 2.47746
0.263662, 1.03022, 5.13137, 2.0717
0.374125, 1.10508, 4.89462, 1.69274
0.489596, 1.13012, 4.49625, 1.36054
0.606371, 1.1097, 3.94872, 1.07288
0.720882, 1.05108, 3.28377, 0.811993
0.827442, 0.967178, 2.54263, 0.554663
0.91731, 0.876799, 1.75681, 0.290733
0.982261, 0.796718, 0.936683, 0.0311913
1.01827, 0.734643, 0.0869285, -0.210791
1.02447, 0.692025, -0.780403, -0.43349
1.00093, 0.669177, -1.64672, -0.644042
0.947605, 0.667448, -2.48963, -0.853385
0.864568, 0.688545, -3.28572, -1.07119
0.75368, 0.730525, -4.01641, -1.29807
0.621575, 0.78091, -4.669, -1.52407
0.479634, 0.816449, -5.21807, -1.75031
0.338375, 0.815556, -5.62024, -1.99968
0.20468, 0.766101, -5.84406, -2.28961
0.083943, 0.662935, -5.89167, -2.61004
-0.017984, 0.504234, -5.80109, -2.9202
-0.0949376, 0.289889, -5.63647, -3.15737
-0.143852, 0.0242729, -5.46023, -3.26437
-0.173755, -0.270395, -5.29326, -3.22858
-0.207379, -0.550203, -5.13252, -3.0622
-0.259306, -0.785054, -4.97364, -2.77706
-0.328971, -0.969111, -4.78191, -2.41404
-0.410349, -1.10479, -4.51377, -2.02324
-0.49718, -1.19583, -4.14157, -1.64012
-0.584293, -1.24643, -3.65832, -1.28105
-0.667683, -1.2613, -3.0731, -0.947812
-0.744159, -1.2458, -2.40438, -0.63407
-0.810829, -1.20604, -1.67408, -0.331191
-0.864632, -1.14898, -0.902931, -0.0326239
-0.902231, -1.08211, -0.107577, 0.263489
-0.920408, -1.01246, 0.699832, 0.554431
-0.916688, -0.945537, 1.50915, 0.835738
-0.889687, -0.884869, 2.30884, 1.10446
-0.839154, -0.832178, 3.08402, 1.36053
-0.766034, -0.787262, 3.81628, 1.60608
-0.672777, -0.747236, 4.48484, 1.84385
-0.563662, -0.70571, 5.06777, 2.07624
-0.444593, -0.653271, 5.54328, 2.30556
-0.322169, -0.579816, 5.8931, 2.53248
-0.20264, -0.477335, 6.10935, 2.75108
-0.0912075, -0.341635, 6.20019, 2.94394
0.00867924, -0.173282, 6.18846, 3.08359
0.0966027, 0.0211061, 6.10183, 3.14212
0.176327, 0.227763, 5.95994, 3.10336
0.2544, 0.428513, 5.76835, 2.96833
0.335952, 0.607931, 5.51991, 2.75304
0.42212, 0.757799, 5.19997, 2.48269
0.51081, 0.87614, 4.79498, 2.1829
0.598403, 0.964796, 4.29963, 1.87245
0.680869, 1.02777, 3.71859, 1.56124
0.7543, 1.07018, 3.06405, 1.25237
0.815177, 1.09739, 2.3518, 0.945498
0.860577, 1.11427, 1.59804, 0.639407
0.888346, 1.12452, 0.817844, 0.333275
0.897207, 1.13035, 0.0249607, 0.0268113
0.8868, 1.13233, -0.767665, -0.279979
0.857681, 1.1294, -1.54706, -0.587125
0.811305, 1.11886, -2.29939, -0.895063
0.749968, 1.09661, -3.00935, -1.20498
0.676672, 1.05749, -3.66045, -1.5186
0.594964, 0.996004, -4.23686, -1.83678
0.508778, 0.906982, -4.72682, -2.15646
0.422223, 0.786387, -5.12686, -2.46706
0.339061, 0.632284, -5.4443, -2.74825
0.261472, 0.446632, -5.69506, -2.97233
0.188003, 0.238229, -5.89544, -3.11243
0.112528, 0.0241585, -6.05296, -3.15176
0.0273934, -0.175534, -6.16136, -3.08926
-0.0715787, -0.346264, -6.19839, -2.94273
-0.183824, -0.481411, -6.13222, -2.74328
-0.305628, -0.580601, -5.93626, -2.52112
-0.431519, -0.648399, -5.60059, -2.29465
-0.554863, -0.693657, -5.13348, -2.06897
-0.668468, -0.727856, -4.55449, -1.8421
-0.765815, -0.761816, -3.88638, -1.61116
-0.842233, -0.80275, -3.15175, -1.37349
-0.895133, -0.853741, -2.37239, -1.12563
-0.923543, -0.914918, -1.56789, -0.864363
-0.927712, -0.98447, -0.754057, -0.588887
-0.909073, -1.05873, 0.0573823, -0.30204
-0.870303, -1.13182, 0.85681, -0.00906736
-0.814966, -1.19605, 1.63273, 0.286247
-0.746726, -1.24322, 2.3686, 0.58525
-0.668796, -1.26592, 3.04307, 0.894747
-0.584038, -1.25786, 3.63328, 1.22419
-0.495507, -1.21364, 4.11946, 1.58115
-0.407048, -1.12856, 4.49098, 1.96549
-0.323736, -0.998457, 4.75317, 2.36268
-0.251921, -0.819479, 4.93273, 2.73848
-0.198253, -0.588479, 5.07507, 3.04143
-0.16523, -0.308382, 5.22089, 3.22546
-0.140471, -0.00551273, 5.37611, 3.2782
-0.0991095, 0.272975, 5.54347, 3.18832
-0.0289594, 0.500113, 5.71187, 2.95845
0.0676124, 0.670677, 5.82175, 2.64249
0.184192, 0.784846, 5.80437, 2.3071
0.31466, 0.844045, 5.61454, 1.99941
0.453805, 0.852083, 5.24214, 1.73623
0.595788, 0.81837, 4.71271, 1.50448
0.731336, 0.761946, 4.07228, 1.27715
0.848472, 0.707689, 3.35367, 1.04542
0.938694, 0.672362, 2.56899, 0.82096
0.999145, 0.660235, 1.73269, 0.608648
1.02963, 0.66991, 0.866573, 0.401131
1.03031, 0.69973, -0.00646883, 0.18703
1.00105, 0.74944, -0.865951, -0.0433314
0.941981, 0.819087, -1.69611, -0.293238
0.855376, 0.904651, -2.48936, -0.553895
0.748175, 0.992333, -3.24051, -0.809622
0.630217, 1.06146, -3.92563, -1.0617
0.509057, 1.09528, -4.5019, -1.33288
0.389058, 1.08435, -4.93107, -1.64589
0.273823, 1.02356, -5.19422, -2.00835
0.168092, 0.909722, -5.29826, -2.40577
0.0784441, 0.740428, -5.28047, -2.7967
0.0129099, 0.512948, -5.20621, -3.11475
-0.0219678, 0.225881, -5.14423, -3.29293
-0.0329982, -0.103364, -5.1092, -3.32024
-0.0504653, -0.419619, -5.08835, -3.21215
-0.0959367, -0.682143, -5.09671, -2.95358
-0.168228, -0.885785, -5.09349, -2.58473
-0.259389, -1.03395, -5.01103, -2.17442
-0.361804, -1.1298, -4.7997, -1.77586
-0.469581, -1.17647, -4.43852, -1.41641
-0.578547, -1.17784, -3.93163, -1.10107
-0.685504, -1.13932, -3.30156, -0.819364
-0.786752, -1.06935, -2.58217, -0.552647
-0.876368, -0.98133, -1.80814, -0.284648
-0.94655, -0.891754, -1.00074, -0.0143039
-0.990986, -0.813349, -0.166912, 0.246238
-1.0068, -0.751733, 0.686569, 0.487877
-0.993302, -0.708603, 1.54583, 0.711448
-0.950426, -0.68518, 2.39094, 0.924791
-0.878319, -0.683014, 3.19838, 1.13808
-0.778153, -0.701841, 3.94533, 1.3576
-0.654328, -0.734371, 4.61414, 1.58025
-0.51606, -0.762566, 5.1848, 1.80253
-0.374335, -0.764312, 5.62259, 2.03734
-0.237667, -0.723789, 5.89346, 2.30249
-0.11223, -0.633142, 5.98963, 2.59587
-0.00373392, -0.489409, 5.93808, 2.88621
0.0821839, -0.292454, 5.79371, 3.11893
0.142398, -0.0465272, 5.61688, 3.23795
0.183008, 0.230406, 5.43863, 3.21987
0.222375, 0.501157, 5.26027, 3.07268
0.275603, 0.734374, 5.07625, 2.81054
0.344614, 0.920267, 4.85872, 2.46881
0.424705, 1.05955, 4.56941, 2.09337
0.510078, 1.15558, 4.18228, 1.71894
0.595617, 1.21254, 3.68997, 1.36291
0.677171, 1.2353, 3.10048, 1.02867
0.751319, 1.22933, 2.43101, 0.711535
0.814984, 1.20078, 1.70213, 0.404343
